00110000000100000000
00110100001000000000
00110001001000000000
00110011000100000000
00110010010100000000
11111111111111111111
11111111111111111111
11111111111111111111
11111111111111111111
01010000001000011100
11111111111111111111
11111111111111111111
11111111111111111111
11111111111111111111
11111111111111111111
00000011001101000000
11111111111111111111
11111111111111111111
11111111111111111111
11111111111111111111
00100001000100110000
01100010001100001111
11111111111111111111
11111111111111111111
11111111111111111111
11111111111111111111
11111111111111111111
11111111111111111111
01000001101000000000
11100000000000000000
